abs(-7): 7
min(3,8): 3
max(3,8): 8
clamp(15,0,10): 10
pow(2,10): 1024
sqrt(144): 12
floor(3.7): 3
ceil(3.2): 4
round(3.5): 4
PI: 3.14159
E: 2.71828
sin(pi/2): 1.0000
cos(0): 1.0000
tan(pi/4): 1.0000
asin(1): 1.5708
log(e): 1.0000
log10(1000): 3.0000
exp(0): 1.0000
degrees(pi): 180.0
hypot(3,4): 5.0
math works
